# radius         dens           temp        c12          ne22
195
2.8742E+04  2.0000E+09  5.0000E+07  5.0000E-01  0.0000E+00
5.7484E+04  2.0000E+09  5.0000E+07  5.0000E-01  0.0000E+00
1.0266E+05  2.0000E+09  5.0000E+07  5.0000E-01  0.0000E+00
1.6880E+05  2.0000E+09  5.0000E+07  5.0000E-01  0.0000E+00
2.5999E+05  2.0000E+09  5.0000E+07  5.0000E-01  0.0000E+00
3.8020E+05  1.9999E+09  5.0000E+07  5.0000E-01  0.0000E+00
5.3313E+05  1.9998E+09  5.0000E+07  5.0000E-01  0.0000E+00
7.2230E+05  1.9996E+09  5.0000E+07  5.0000E-01  0.0000E+00
9.5101E+05  1.9994E+09  5.0000E+07  5.0000E-01  0.0000E+00
1.2224E+06  1.9990E+09  5.0000E+07  5.0000E-01  0.0000E+00
1.5394E+06  1.9984E+09  5.0000E+07  5.0000E-01  0.0000E+00
1.9049E+06  1.9975E+09  5.0000E+07  5.0000E-01  0.0000E+00
2.3215E+06  1.9963E+09  5.0000E+07  5.0000E-01  0.0000E+00
2.7920E+06  1.9946E+09  5.0000E+07  5.0000E-01  0.0000E+00
3.3188E+06  1.9924E+09  5.0000E+07  5.0000E-01  0.0000E+00
3.9044E+06  1.9895E+09  5.0000E+07  5.0000E-01  0.0000E+00
4.5512E+06  1.9858E+09  5.0000E+07  5.0000E-01  0.0000E+00
5.2616E+06  1.9811E+09  5.0000E+07  5.0000E-01  0.0000E+00
6.0380E+06  1.9751E+09  5.0000E+07  5.0000E-01  0.0000E+00
6.8827E+06  1.9677E+09  5.0000E+07  5.0000E-01  0.0000E+00
7.7981E+06  1.9587E+09  5.0000E+07  5.0000E-01  0.0000E+00
8.7866E+06  1.9477E+09  5.0000E+07  5.0000E-01  0.0000E+00
9.8509E+06  1.9346E+09  5.0000E+07  5.0000E-01  0.0000E+00
1.0993E+07  1.9189E+09  5.0000E+07  5.0000E-01  0.0000E+00
1.2217E+07  1.9005E+09  5.0000E+07  5.0000E-01  0.0000E+00
1.3525E+07  1.8789E+09  5.0000E+07  5.0000E-01  0.0000E+00
1.4921E+07  1.8539E+09  5.0000E+07  5.0000E-01  0.0000E+00
1.6407E+07  1.8250E+09  5.0000E+07  5.0000E-01  0.0000E+00
1.7989E+07  1.7920E+09  5.0000E+07  5.0000E-01  0.0000E+00
1.9671E+07  1.7546E+09  5.0000E+07  5.0000E-01  0.0000E+00
2.1458E+07  1.7123E+09  5.0000E+07  5.0000E-01  0.0000E+00
2.3356E+07  1.6650E+09  5.0000E+07  5.0000E-01  0.0000E+00
2.5374E+07  1.6123E+09  5.0000E+07  5.0000E-01  0.0000E+00
2.7521E+07  1.5541E+09  5.0000E+07  5.0000E-01  0.0000E+00
2.9807E+07  1.4902E+09  5.0000E+07  5.0000E-01  0.0000E+00
3.2247E+07  1.4203E+09  5.0000E+07  5.0000E-01  0.0000E+00
3.4860E+07  1.3445E+09  5.0000E+07  5.0000E-01  0.0000E+00
3.7670E+07  1.2626E+09  5.0000E+07  5.0000E-01  0.0000E+00
4.0711E+07  1.1747E+09  5.0000E+07  5.0000E-01  0.0000E+00
4.4034E+07  1.0803E+09  5.0000E+07  5.0000E-01  0.0000E+00
4.7716E+07  9.7928E+08  5.0000E+07  5.0000E-01  0.0000E+00
5.1899E+07  8.7029E+08  5.0000E+07  5.0000E-01  0.0000E+00
5.6961E+07  7.4824E+08  5.0000E+07  5.0000E-01  0.0000E+00
6.2345E+07  6.3145E+08  5.0000E+07  5.0000E-01  0.0000E+00
6.7304E+07  5.3620E+08  5.0000E+07  5.0000E-01  0.0000E+00
7.2085E+07  4.5531E+08  5.0000E+07  5.0000E-01  0.0000E+00
7.6937E+07  3.8367E+08  5.0000E+07  5.0000E-01  0.0000E+00
8.1624E+07  3.2371E+08  5.0000E+07  5.0000E-01  0.0000E+00
8.6240E+07  2.7275E+08  5.0000E+07  5.0000E-01  0.0000E+00
9.0821E+07  2.2929E+08  5.0000E+07  5.0000E-01  0.0000E+00
9.5627E+07  1.9043E+08  5.0000E+07  5.0000E-01  0.0000E+00
1.0024E+08  1.5882E+08  5.0000E+07  5.0000E-01  0.0000E+00
1.0476E+08  1.3253E+08  5.0000E+07  5.0000E-01  0.0000E+00
1.0923E+08  1.1046E+08  5.0000E+07  5.0000E-01  0.0000E+00
1.1376E+08  9.1570E+07  5.0000E+07  5.0000E-01  0.0000E+00
1.1848E+08  7.5032E+07  5.0000E+07  5.0000E-01  0.0000E+00
1.2298E+08  6.1865E+07  5.0000E+07  5.0000E-01  0.0000E+00
1.2732E+08  5.1152E+07  5.0000E+07  5.0000E-01  0.0000E+00
1.3158E+08  4.2265E+07  5.0000E+07  5.0000E-01  0.0000E+00
1.3578E+08  3.4885E+07  5.0000E+07  5.0000E-01  0.0000E+00
1.4006E+08  2.8545E+07  5.0000E+07  5.0000E-01  0.0000E+00
1.4450E+08  2.3040E+07  5.0000E+07  5.0000E-01  0.0000E+00
1.4877E+08  1.8619E+07  5.0000E+07  5.0000E-01  0.0000E+00
1.5284E+08  1.5091E+07  5.0000E+07  5.0000E-01  0.0000E+00
1.5670E+08  1.2270E+07  5.0000E+07  5.0000E-01  0.0000E+00
1.6038E+08  9.9834E+06  5.0000E+07  5.0000E-01  0.0000E+00
1.6393E+08  8.1102E+06  5.0000E+07  5.0000E-01  0.0000E+00
1.6734E+08  6.5732E+06  5.0000E+07  5.0000E-01  0.0000E+00
1.7062E+08  5.3122E+06  5.0000E+07  5.0000E-01  0.0000E+00
1.7377E+08  4.2705E+06  5.0000E+07  5.0000E-01  0.0000E+00
1.7684E+08  3.4030E+06  5.0000E+07  5.0000E-01  0.0000E+00
1.7980E+08  2.6866E+06  5.0000E+07  5.0000E-01  0.0000E+00
1.8258E+08  2.1098E+06  5.0000E+07  5.0000E-01  0.0000E+00
1.8513E+08  1.6543E+06  5.0000E+07  5.0000E-01  0.0000E+00
1.8745E+08  1.2966E+06  5.0000E+07  5.0000E-01  0.0000E+00
1.8955E+08  1.0145E+06  5.0000E+07  5.0000E-01  0.0000E+00
1.9145E+08  7.9139E+05  5.0000E+07  5.0000E-01  0.0000E+00
1.9300E+08  6.3168E+05  5.0000E+07  5.0000E-01  0.0000E+00
1.9439E+08  5.0347E+05  5.0000E+07  5.0000E-01  0.0000E+00
1.9563E+08  4.0090E+05  5.0000E+07  5.0000E-01  0.0000E+00
1.9674E+08  3.1900E+05  5.0000E+07  5.0000E-01  0.0000E+00
1.9772E+08  2.5375E+05  5.0000E+07  5.0000E-01  0.0000E+00
1.9859E+08  2.0187E+05  5.0000E+07  5.0000E-01  0.0000E+00
1.9934E+08  1.6068E+05  5.0000E+07  5.0000E-01  0.0000E+00
2.0001E+08  1.2806E+05  5.0000E+07  5.0000E-01  0.0000E+00
2.0058E+08  1.0226E+05  5.0000E+07  5.0000E-01  0.0000E+00
2.0109E+08  8.1872E+04  5.0000E+07  5.0000E-01  0.0000E+00
2.0152E+08  6.5770E+04  5.0000E+07  5.0000E-01  0.0000E+00
2.0190E+08  5.3039E+04  5.0000E+07  5.0000E-01  0.0000E+00
2.0223E+08  4.2951E+04  5.0000E+07  5.0000E-01  0.0000E+00
2.0252E+08  3.4935E+04  5.0000E+07  5.0000E-01  0.0000E+00
2.0277E+08  2.8548E+04  5.0000E+07  5.0000E-01  0.0000E+00
2.0300E+08  2.3447E+04  5.0000E+07  5.0000E-01  0.0000E+00
2.0320E+08  1.9350E+04  5.0000E+07  5.0000E-01  0.0000E+00
2.0338E+08  1.6038E+04  5.0000E+07  5.0000E-01  0.0000E+00
2.0356E+08  1.3074E+04  5.0000E+07  5.0000E-01  0.0000E+00
2.0372E+08  1.0724E+04  5.0000E+07  5.0000E-01  0.0000E+00
2.0387E+08  8.8585E+03  5.0000E+07  5.0000E-01  0.0000E+00
2.0400E+08  7.3623E+03  5.0000E+07  5.0000E-01  0.0000E+00
2.0413E+08  6.1508E+03  5.0000E+07  5.0000E-01  0.0000E+00
2.0425E+08  5.1612E+03  5.0000E+07  5.0000E-01  0.0000E+00
2.0436E+08  4.3466E+03  5.0000E+07  5.0000E-01  0.0000E+00
2.0447E+08  3.6716E+03  5.0000E+07  5.0000E-01  0.0000E+00
2.0457E+08  3.1092E+03  5.0000E+07  5.0000E-01  0.0000E+00
2.0467E+08  2.6383E+03  5.0000E+07  5.0000E-01  0.0000E+00
2.0477E+08  2.2426E+03  5.0000E+07  5.0000E-01  0.0000E+00
2.0486E+08  1.9089E+03  5.0000E+07  5.0000E-01  0.0000E+00
2.0496E+08  1.6267E+03  5.0000E+07  5.0000E-01  0.0000E+00
2.0505E+08  1.3876E+03  5.0000E+07  5.0000E-01  0.0000E+00
2.0514E+08  1.1832E+03  5.0000E+07  5.0000E-01  0.0000E+00
2.0523E+08  1.0107E+03  5.0000E+07  5.0000E-01  0.0000E+00
2.0532E+08  8.6385E+02  5.0000E+07  5.0000E-01  0.0000E+00
2.0541E+08  7.3866E+02  5.0000E+07  5.0000E-01  0.0000E+00
2.0550E+08  6.3184E+02  5.0000E+07  5.0000E-01  0.0000E+00
2.0558E+08  5.4064E+02  5.0000E+07  5.0000E-01  0.0000E+00
2.0567E+08  4.6272E+02  5.0000E+07  5.0000E-01  0.0000E+00
2.0576E+08  3.9610E+02  5.0000E+07  5.0000E-01  0.0000E+00
2.0584E+08  3.3914E+02  5.0000E+07  5.0000E-01  0.0000E+00
2.0593E+08  2.9041E+02  5.0000E+07  5.0000E-01  0.0000E+00
2.0602E+08  2.4871E+02  5.0000E+07  5.0000E-01  0.0000E+00
2.0610E+08  2.1301E+02  5.0000E+07  5.0000E-01  0.0000E+00
2.0619E+08  1.8245E+02  5.0000E+07  5.0000E-01  0.0000E+00
2.0627E+08  1.5629E+02  5.0000E+07  5.0000E-01  0.0000E+00
2.0636E+08  1.3388E+02  5.0000E+07  5.0000E-01  0.0000E+00
2.0645E+08  1.1469E+02  5.0000E+07  5.0000E-01  0.0000E+00
2.0653E+08  9.8258E+01  5.0000E+07  5.0000E-01  0.0000E+00
2.0662E+08  8.4179E+01  5.0000E+07  5.0000E-01  0.0000E+00
2.0671E+08  7.2119E+01  5.0000E+07  5.0000E-01  0.0000E+00
2.0679E+08  6.1787E+01  5.0000E+07  5.0000E-01  0.0000E+00
2.0688E+08  5.2935E+01  5.0000E+07  5.0000E-01  0.0000E+00
2.0697E+08  4.5352E+01  5.0000E+07  5.0000E-01  0.0000E+00
2.0705E+08  3.8856E+01  5.0000E+07  5.0000E-01  0.0000E+00
2.0714E+08  3.3290E+01  5.0000E+07  5.0000E-01  0.0000E+00
2.0723E+08  2.8521E+01  5.0000E+07  5.0000E-01  0.0000E+00
2.0731E+08  2.4435E+01  5.0000E+07  5.0000E-01  0.0000E+00
2.0740E+08  2.0935E+01  5.0000E+07  5.0000E-01  0.0000E+00
2.0749E+08  1.7936E+01  5.0000E+07  5.0000E-01  0.0000E+00
2.0757E+08  1.5366E+01  5.0000E+07  5.0000E-01  0.0000E+00
2.0766E+08  1.3165E+01  5.0000E+07  5.0000E-01  0.0000E+00
2.0775E+08  1.1279E+01  5.0000E+07  5.0000E-01  0.0000E+00
2.0784E+08  9.6626E+00  5.0000E+07  5.0000E-01  0.0000E+00
2.0792E+08  8.2781E+00  5.0000E+07  5.0000E-01  0.0000E+00
2.0801E+08  7.0919E+00  5.0000E+07  5.0000E-01  0.0000E+00
2.0810E+08  6.0757E+00  5.0000E+07  5.0000E-01  0.0000E+00
2.0819E+08  5.2051E+00  5.0000E+07  5.0000E-01  0.0000E+00
2.0828E+08  4.4592E+00  5.0000E+07  5.0000E-01  0.0000E+00
2.0836E+08  3.8201E+00  5.0000E+07  5.0000E-01  0.0000E+00
2.0845E+08  3.2727E+00  5.0000E+07  5.0000E-01  0.0000E+00
2.0854E+08  2.8036E+00  5.0000E+07  5.0000E-01  0.0000E+00
2.0863E+08  2.4018E+00  5.0000E+07  5.0000E-01  0.0000E+00
2.0872E+08  2.0576E+00  5.0000E+07  5.0000E-01  0.0000E+00
2.0881E+08  1.7627E+00  5.0000E+07  5.0000E-01  0.0000E+00
2.0890E+08  1.5100E+00  5.0000E+07  5.0000E-01  0.0000E+00
2.0898E+08  1.2936E+00  5.0000E+07  5.0000E-01  0.0000E+00
2.0907E+08  1.1082E+00  5.0000E+07  5.0000E-01  0.0000E+00
2.0916E+08  9.4932E-01  5.0000E+07  5.0000E-01  0.0000E+00
2.0925E+08  8.1324E-01  5.0000E+07  5.0000E-01  0.0000E+00
2.0934E+08  6.9667E-01  5.0000E+07  5.0000E-01  0.0000E+00
2.0943E+08  5.9680E-01  5.0000E+07  5.0000E-01  0.0000E+00
2.0952E+08  5.1125E-01  5.0000E+07  5.0000E-01  0.0000E+00
2.0961E+08  4.3796E-01  5.0000E+07  5.0000E-01  0.0000E+00
2.0970E+08  3.7517E-01  5.0000E+07  5.0000E-01  0.0000E+00
2.0979E+08  3.2139E-01  5.0000E+07  5.0000E-01  0.0000E+00
2.0988E+08  2.7532E-01  5.0000E+07  5.0000E-01  0.0000E+00
2.0997E+08  2.3585E-01  5.0000E+07  5.0000E-01  0.0000E+00
2.1006E+08  2.0203E-01  5.0000E+07  5.0000E-01  0.0000E+00
2.1015E+08  1.7307E-01  5.0000E+07  5.0000E-01  0.0000E+00
2.1024E+08  1.4826E-01  5.0000E+07  5.0000E-01  0.0000E+00
2.1033E+08  1.2700E-01  5.0000E+07  5.0000E-01  0.0000E+00
2.1042E+08  1.0879E-01  5.0000E+07  5.0000E-01  0.0000E+00
2.1051E+08  9.3197E-02  5.0000E+07  5.0000E-01  0.0000E+00
2.1060E+08  7.9835E-02  5.0000E+07  5.0000E-01  0.0000E+00
2.1069E+08  6.8389E-02  5.0000E+07  5.0000E-01  0.0000E+00
2.1078E+08  5.8584E-02  5.0000E+07  5.0000E-01  0.0000E+00
2.1087E+08  5.0185E-02  5.0000E+07  5.0000E-01  0.0000E+00
2.1096E+08  4.2990E-02  5.0000E+07  5.0000E-01  0.0000E+00
2.1105E+08  3.6826E-02  5.0000E+07  5.0000E-01  0.0000E+00
2.1114E+08  3.1546E-02  5.0000E+07  5.0000E-01  0.0000E+00
2.1123E+08  2.7023E-02  5.0000E+07  5.0000E-01  0.0000E+00
2.1132E+08  2.3149E-02  5.0000E+07  5.0000E-01  0.0000E+00
2.1141E+08  1.9830E-02  5.0000E+07  5.0000E-01  0.0000E+00
2.1150E+08  1.6987E-02  5.0000E+07  5.0000E-01  0.0000E+00
2.1159E+08  1.4551E-02  5.0000E+07  5.0000E-01  0.0000E+00
2.1169E+08  1.2465E-02  5.0000E+07  5.0000E-01  0.0000E+00
2.1178E+08  1.0678E-02  5.0000E+07  5.0000E-01  0.0000E+00
2.1187E+08  9.1467E-03  5.0000E+07  5.0000E-01  0.0000E+00
2.1196E+08  7.8352E-03  5.0000E+07  5.0000E-01  0.0000E+00
2.1205E+08  6.7118E-03  5.0000E+07  5.0000E-01  0.0000E+00
2.1214E+08  5.7495E-03  5.0000E+07  5.0000E-01  0.0000E+00
2.1224E+08  4.9251E-03  5.0000E+07  5.0000E-01  0.0000E+00
2.1233E+08  4.2190E-03  5.0000E+07  5.0000E-01  0.0000E+00
2.1242E+08  3.6140E-03  5.0000E+07  5.0000E-01  0.0000E+00
2.1251E+08  3.0959E-03  5.0000E+07  5.0000E-01  0.0000E+00
2.1260E+08  2.6520E-03  5.0000E+07  5.0000E-01  0.0000E+00
2.1269E+08  2.2717E-03  5.0000E+07  5.0000E-01  0.0000E+00
