# radius     dens           temp        c12          ne22
232
4.00000E+05  2.89980E+09  5.00000E+05  5.00000E-01  2.50000E-02  
1.20000E+06  2.89819E+09  5.00000E+05  5.00000E-01  2.50000E-02  
2.00000E+06  2.89498E+09  5.00000E+05  5.00000E-01  2.50000E-02  
2.80000E+06  2.89017E+09  5.00000E+05  5.00000E-01  2.50000E-02  
3.60000E+06  2.88376E+09  5.00000E+05  5.00000E-01  2.50000E-02  
4.40000E+06  2.87579E+09  5.00000E+05  5.00000E-01  2.50000E-02  
5.20000E+06  2.86628E+09  5.00000E+05  5.00000E-01  2.50000E-02  
6.00000E+06  2.85521E+09  5.00000E+05  5.00000E-01  2.50000E-02  
6.80000E+06  2.84259E+09  5.00000E+05  5.00000E-01  2.50000E-02  
7.60000E+06  2.82851E+09  5.00000E+05  5.00000E-01  2.50000E-02  
8.40000E+06  2.81294E+09  5.00000E+05  5.00000E-01  2.50000E-02  
9.20000E+06  2.79595E+09  5.00000E+05  5.00000E-01  2.50000E-02  
1.00000E+07  2.77752E+09  5.00000E+05  5.00000E-01  2.50000E-02  
1.08000E+07  2.75780E+09  5.00000E+05  5.00000E-01  2.50000E-02  
1.16000E+07  2.73673E+09  5.00000E+05  5.00000E-01  2.50000E-02  
1.24000E+07  2.71442E+09  5.00000E+05  5.00000E-01  2.50000E-02  
1.32000E+07  2.69083E+09  5.00000E+05  5.00000E-01  2.50000E-02  
1.40000E+07  2.66604E+09  5.00000E+05  5.00000E-01  2.50000E-02  
1.48000E+07  2.64021E+09  5.00000E+05  5.00000E-01  2.50000E-02  
1.56000E+07  2.61340E+09  5.00000E+05  5.00000E-01  2.50000E-02  
1.64000E+07  2.58521E+09  5.00000E+05  5.00000E-01  2.50000E-02  
1.72000E+07  2.55605E+09  5.00000E+05  5.00000E-01  2.50000E-02  
1.80000E+07  2.52618E+09  5.00000E+05  5.00000E-01  2.50000E-02  
1.88000E+07  2.49524E+09  5.00000E+05  5.00000E-01  2.50000E-02  
1.96000E+07  2.46350E+09  5.00000E+05  5.00000E-01  2.50000E-02  
2.04000E+07  2.43120E+09  5.00000E+05  5.00000E-01  2.50000E-02  
2.12000E+07  2.39781E+09  5.00000E+05  5.00000E-01  2.50000E-02  
2.20000E+07  2.36424E+09  5.00000E+05  5.00000E-01  2.50000E-02  
2.28000E+07  2.32944E+09  5.00000E+05  5.00000E-01  2.50000E-02  
2.36000E+07  2.29463E+09  5.00000E+05  5.00000E-01  2.50000E-02  
2.44000E+07  2.25877E+09  5.00000E+05  5.00000E-01  2.50000E-02  
2.52000E+07  2.22288E+09  5.00000E+05  5.00000E-01  2.50000E-02  
2.60000E+07  2.18632E+09  5.00000E+05  5.00000E-01  2.50000E-02  
2.68000E+07  2.14957E+09  5.00000E+05  5.00000E-01  2.50000E-02  
2.76000E+07  2.11254E+09  5.00000E+05  5.00000E-01  2.50000E-02  
2.84000E+07  2.07506E+09  5.00000E+05  5.00000E-01  2.50000E-02  
2.92000E+07  2.03759E+09  5.00000E+05  5.00000E-01  2.50000E-02  
3.00000E+07  1.99982E+09  5.00000E+05  5.00000E-01  2.50000E-02  
3.08000E+07  1.96197E+09  5.00000E+05  5.00000E-01  2.50000E-02  
3.16000E+07  1.92413E+09  5.00000E+05  5.00000E-01  2.50000E-02  
3.24000E+07  1.88624E+09  5.00000E+05  5.00000E-01  2.50000E-02  
3.32000E+07  1.84835E+09  5.00000E+05  5.00000E-01  2.50000E-02  
3.40000E+07  1.81046E+09  5.00000E+05  5.00000E-01  2.50000E-02  
3.48000E+07  1.77285E+09  5.00000E+05  5.00000E-01  2.50000E-02  
3.56000E+07  1.73529E+09  5.00000E+05  5.00000E-01  2.50000E-02  
3.64000E+07  1.69773E+09  5.00000E+05  5.00000E-01  2.50000E-02  
3.72000E+07  1.66054E+09  5.00000E+05  5.00000E-01  2.50000E-02  
3.80000E+07  1.62380E+09  5.00000E+05  5.00000E-01  2.50000E-02  
3.88000E+07  1.58706E+09  5.00000E+05  5.00000E-01  2.50000E-02  
3.96000E+07  1.55031E+09  5.00000E+05  5.00000E-01  2.50000E-02  
4.04000E+07  1.51448E+09  5.00000E+05  5.00000E-01  2.50000E-02  
4.12000E+07  1.47908E+09  5.00000E+05  5.00000E-01  2.50000E-02  
4.20000E+07  1.44368E+09  5.00000E+05  5.00000E-01  2.50000E-02  
4.28000E+07  1.40827E+09  5.00000E+05  5.00000E-01  2.50000E-02  
4.36000E+07  1.37378E+09  5.00000E+05  5.00000E-01  2.50000E-02  
4.44000E+07  1.34036E+09  5.00000E+05  5.00000E-01  2.50000E-02  
4.52000E+07  1.30694E+09  5.00000E+05  5.00000E-01  2.50000E-02  
4.60000E+07  1.27352E+09  5.00000E+05  5.00000E-01  2.50000E-02  
4.68000E+07  1.24010E+09  5.00000E+05  5.00000E-01  2.50000E-02  
4.76000E+07  1.20785E+09  5.00000E+05  5.00000E-01  2.50000E-02  
4.84000E+07  1.17682E+09  5.00000E+05  5.00000E-01  2.50000E-02  
4.92000E+07  1.14578E+09  5.00000E+05  5.00000E-01  2.50000E-02  
5.00000E+07  1.11474E+09  5.00000E+05  5.00000E-01  2.50000E-02  
5.08000E+07  1.08371E+09  5.00000E+05  5.00000E-01  2.50000E-02  
5.16000E+07  1.05495E+09  5.00000E+05  5.00000E-01  2.50000E-02  
5.24000E+07  1.02627E+09  5.00000E+05  5.00000E-01  2.50000E-02  
5.32000E+07  9.97596E+08  5.00000E+05  5.00000E-01  2.50000E-02  
5.40000E+07  9.68917E+08  5.00000E+05  5.00000E-01  2.50000E-02  
5.48000E+07  9.42033E+08  5.00000E+05  5.00000E-01  2.50000E-02  
5.56000E+07  9.15666E+08  5.00000E+05  5.00000E-01  2.50000E-02  
5.64000E+07  8.89299E+08  5.00000E+05  5.00000E-01  2.50000E-02  
5.72000E+07  8.62933E+08  5.00000E+05  5.00000E-01  2.50000E-02  
5.80000E+07  8.38187E+08  5.00000E+05  5.00000E-01  2.50000E-02  
5.88000E+07  8.14073E+08  5.00000E+05  5.00000E-01  2.50000E-02  
5.96000E+07  7.89958E+08  5.00000E+05  5.00000E-01  2.50000E-02  
6.04000E+07  7.65843E+08  5.00000E+05  5.00000E-01  2.50000E-02  
6.12000E+07  7.43286E+08  5.00000E+05  5.00000E-01  2.50000E-02  
6.20000E+07  7.21357E+08  5.00000E+05  5.00000E-01  2.50000E-02  
6.28000E+07  6.99428E+08  5.00000E+05  5.00000E-01  2.50000E-02  
6.36000E+07  6.77499E+08  5.00000E+05  5.00000E-01  2.50000E-02  
6.44000E+07  6.57108E+08  5.00000E+05  5.00000E-01  2.50000E-02  
6.52000E+07  6.37276E+08  5.00000E+05  5.00000E-01  2.50000E-02  
6.60000E+07  6.17445E+08  5.00000E+05  5.00000E-01  2.50000E-02  
6.68000E+07  5.97613E+08  5.00000E+05  5.00000E-01  2.50000E-02  
6.76000E+07  5.79267E+08  5.00000E+05  5.00000E-01  2.50000E-02  
6.84000E+07  5.61420E+08  5.00000E+05  5.00000E-01  2.50000E-02  
6.92000E+07  5.43572E+08  5.00000E+05  5.00000E-01  2.50000E-02  
7.00000E+07  5.25725E+08  5.00000E+05  5.00000E-01  2.50000E-02  
7.08000E+07  5.09289E+08  5.00000E+05  5.00000E-01  2.50000E-02  
7.16000E+07  4.93314E+08  5.00000E+05  5.00000E-01  2.50000E-02  
7.24000E+07  4.77338E+08  5.00000E+05  5.00000E-01  2.50000E-02  
7.32000E+07  4.61363E+08  5.00000E+05  5.00000E-01  2.50000E-02  
7.40000E+07  4.46665E+08  5.00000E+05  5.00000E-01  2.50000E-02  
7.48000E+07  4.32433E+08  5.00000E+05  5.00000E-01  2.50000E-02  
7.56000E+07  4.18201E+08  5.00000E+05  5.00000E-01  2.50000E-02  
7.64000E+07  4.03969E+08  5.00000E+05  5.00000E-01  2.50000E-02  
7.72000E+07  3.90839E+08  5.00000E+05  5.00000E-01  2.50000E-02  
7.80000E+07  3.78222E+08  5.00000E+05  5.00000E-01  2.50000E-02  
7.88000E+07  3.65604E+08  5.00000E+05  5.00000E-01  2.50000E-02  
7.96000E+07  3.52987E+08  5.00000E+05  5.00000E-01  2.50000E-02  
8.04000E+07  3.41244E+08  5.00000E+05  5.00000E-01  2.50000E-02  
8.12000E+07  3.30106E+08  5.00000E+05  5.00000E-01  2.50000E-02  
8.20000E+07  3.18967E+08  5.00000E+05  5.00000E-01  2.50000E-02  
8.28000E+07  3.07829E+08  5.00000E+05  5.00000E-01  2.50000E-02  
8.36000E+07  2.97311E+08  5.00000E+05  5.00000E-01  2.50000E-02  
8.44000E+07  2.87525E+08  5.00000E+05  5.00000E-01  2.50000E-02  
8.52000E+07  2.77740E+08  5.00000E+05  5.00000E-01  2.50000E-02  
8.60000E+07  2.67954E+08  5.00000E+05  5.00000E-01  2.50000E-02  
8.68000E+07  2.58506E+08  5.00000E+05  5.00000E-01  2.50000E-02  
8.76000E+07  2.49946E+08  5.00000E+05  5.00000E-01  2.50000E-02  
8.84000E+07  2.41386E+08  5.00000E+05  5.00000E-01  2.50000E-02  
8.92000E+07  2.32825E+08  5.00000E+05  5.00000E-01  2.50000E-02  
9.00000E+07  2.24294E+08  5.00000E+05  5.00000E-01  2.50000E-02  
9.08000E+07  2.16842E+08  5.00000E+05  5.00000E-01  2.50000E-02  
9.16000E+07  2.09390E+08  5.00000E+05  5.00000E-01  2.50000E-02  
9.24000E+07  2.01939E+08  5.00000E+05  5.00000E-01  2.50000E-02  
9.32000E+07  1.94487E+08  5.00000E+05  5.00000E-01  2.50000E-02  
9.40000E+07  1.87748E+08  5.00000E+05  5.00000E-01  2.50000E-02  
9.48000E+07  1.81286E+08  5.00000E+05  5.00000E-01  2.50000E-02  
9.56000E+07  1.74824E+08  5.00000E+05  5.00000E-01  2.50000E-02  
9.64000E+07  1.68362E+08  5.00000E+05  5.00000E-01  2.50000E-02  
9.72000E+07  1.62206E+08  5.00000E+05  5.00000E-01  2.50000E-02  
9.80000E+07  1.56629E+08  5.00000E+05  5.00000E-01  2.50000E-02  
9.88000E+07  1.51052E+08  5.00000E+05  5.00000E-01  2.50000E-02  
9.96000E+07  1.45475E+08  5.00000E+05  5.00000E-01  2.50000E-02  
1.00400E+08  1.39897E+08  5.00000E+05  5.00000E-01  2.50000E-02  
1.01200E+08  1.35026E+08  5.00000E+05  5.00000E-01  2.50000E-02  
1.02000E+08  1.30243E+08  5.00000E+05  5.00000E-01  2.50000E-02  
1.02800E+08  1.25461E+08  5.00000E+05  5.00000E-01  2.50000E-02  
1.03600E+08  1.20679E+08  5.00000E+05  5.00000E-01  2.50000E-02  
1.04400E+08  1.16138E+08  5.00000E+05  5.00000E-01  2.50000E-02  
1.05200E+08  1.12046E+08  5.00000E+05  5.00000E-01  2.50000E-02  
1.06000E+08  1.07954E+08  5.00000E+05  5.00000E-01  2.50000E-02  
1.06800E+08  1.03861E+08  5.00000E+05  5.00000E-01  2.50000E-02  
1.07600E+08  9.97693E+07  5.00000E+05  5.00000E-01  2.50000E-02  
1.08400E+08  9.61221E+07  5.00000E+05  5.00000E-01  2.50000E-02  
1.09200E+08  9.26437E+07  5.00000E+05  5.00000E-01  2.50000E-02  
1.10000E+08  8.91653E+07  5.00000E+05  5.00000E-01  2.50000E-02  
1.10800E+08  8.56869E+07  5.00000E+05  5.00000E-01  2.50000E-02  
1.11600E+08  8.22085E+07  5.00000E+05  5.00000E-01  2.50000E-02  
1.12400E+08  7.92660E+07  5.00000E+05  5.00000E-01  2.50000E-02  
1.13200E+08  7.63302E+07  5.00000E+05  5.00000E-01  2.50000E-02  
1.14000E+08  7.33945E+07  5.00000E+05  5.00000E-01  2.50000E-02  
1.14800E+08  7.04588E+07  5.00000E+05  5.00000E-01  2.50000E-02  
1.15600E+08  6.75818E+07  5.00000E+05  5.00000E-01  2.50000E-02  
1.16400E+08  6.51165E+07  5.00000E+05  5.00000E-01  2.50000E-02  
1.17200E+08  6.26511E+07  5.00000E+05  5.00000E-01  2.50000E-02  
1.18000E+08  6.01857E+07  5.00000E+05  5.00000E-01  2.50000E-02  
1.18800E+08  5.77204E+07  5.00000E+05  5.00000E-01  2.50000E-02  
1.19600E+08  5.53088E+07  5.00000E+05  5.00000E-01  2.50000E-02  
1.20400E+08  5.32349E+07  5.00000E+05  5.00000E-01  2.50000E-02  
1.21200E+08  5.11610E+07  5.00000E+05  5.00000E-01  2.50000E-02  
1.22000E+08  4.90871E+07  5.00000E+05  5.00000E-01  2.50000E-02  
1.22800E+08  4.70133E+07  5.00000E+05  5.00000E-01  2.50000E-02  
1.23600E+08  4.51259E+07  5.00000E+05  5.00000E-01  2.50000E-02  
1.24400E+08  4.33912E+07  5.00000E+05  5.00000E-01  2.50000E-02  
1.25200E+08  4.16565E+07  5.00000E+05  5.00000E-01  2.50000E-02  
1.26000E+08  3.99218E+07  5.00000E+05  5.00000E-01  2.50000E-02  
1.26800E+08  3.81870E+07  5.00000E+05  5.00000E-01  2.50000E-02  
1.27600E+08  3.65278E+07  5.00000E+05  5.00000E-01  2.50000E-02  
1.28400E+08  3.50952E+07  5.00000E+05  5.00000E-01  2.50000E-02  
1.29200E+08  3.36626E+07  5.00000E+05  5.00000E-01  2.50000E-02  
1.30000E+08  3.22300E+07  5.00000E+05  5.00000E-01  2.50000E-02  
1.30800E+08  3.07974E+07  5.00000E+05  5.00000E-01  2.50000E-02  
1.31600E+08  2.94313E+07  5.00000E+05  5.00000E-01  2.50000E-02  
1.32400E+08  2.82647E+07  5.00000E+05  5.00000E-01  2.50000E-02  
1.33200E+08  2.70980E+07  5.00000E+05  5.00000E-01  2.50000E-02  
1.34000E+08  2.59313E+07  5.00000E+05  5.00000E-01  2.50000E-02  
1.34800E+08  2.47647E+07  5.00000E+05  5.00000E-01  2.50000E-02  
1.35600E+08  2.35980E+07  5.00000E+05  5.00000E-01  2.50000E-02  
1.36400E+08  2.24899E+07  5.00000E+05  5.00000E-01  2.50000E-02  
1.37200E+08  2.15575E+07  5.00000E+05  5.00000E-01  2.50000E-02  
1.38000E+08  2.06251E+07  5.00000E+05  5.00000E-01  2.50000E-02  
1.38800E+08  1.96927E+07  5.00000E+05  5.00000E-01  2.50000E-02  
1.39600E+08  1.87603E+07  5.00000E+05  5.00000E-01  2.50000E-02  
1.40400E+08  1.78279E+07  5.00000E+05  5.00000E-01  2.50000E-02  
1.41200E+08  1.69838E+07  5.00000E+05  5.00000E-01  2.50000E-02  
1.42000E+08  1.62327E+07  5.00000E+05  5.00000E-01  2.50000E-02  
1.42800E+08  1.54816E+07  5.00000E+05  5.00000E-01  2.50000E-02  
1.43600E+08  1.47304E+07  5.00000E+05  5.00000E-01  2.50000E-02  
1.44400E+08  1.39793E+07  5.00000E+05  5.00000E-01  2.50000E-02  
1.45200E+08  1.32525E+07  5.00000E+05  5.00000E-01  2.50000E-02  
1.46000E+08  1.26310E+07  5.00000E+05  5.00000E-01  2.50000E-02  
1.46800E+08  1.20095E+07  5.00000E+05  5.00000E-01  2.50000E-02  
1.47600E+08  1.13881E+07  5.00000E+05  5.00000E-01  2.50000E-02  
1.48400E+08  1.07746E+07  5.00000E+05  5.00000E-01  2.50000E-02  
1.49200E+08  1.02447E+07  5.00000E+05  5.00000E-01  2.50000E-02  
1.50000E+08  9.71476E+06  5.00000E+05  5.00000E-01  2.50000E-02  
1.50800E+08  9.18483E+06  5.00000E+05  5.00000E-01  2.50000E-02  
1.51600E+08  8.67512E+06  5.00000E+05  5.00000E-01  2.50000E-02  
1.52400E+08  8.22224E+06  5.00000E+05  5.00000E-01  2.50000E-02  
1.53200E+08  7.76936E+06  5.00000E+05  5.00000E-01  2.50000E-02  
1.54000E+08  7.31648E+06  5.00000E+05  5.00000E-01  2.50000E-02  
1.54800E+08  6.90861E+06  5.00000E+05  5.00000E-01  2.50000E-02  
1.55600E+08  6.51677E+06  5.00000E+05  5.00000E-01  2.50000E-02  
1.56400E+08  6.12492E+06  5.00000E+05  5.00000E-01  2.50000E-02  
1.57200E+08  5.75747E+06  5.00000E+05  5.00000E-01  2.50000E-02  
1.58000E+08  5.41700E+06  5.00000E+05  5.00000E-01  2.50000E-02  
1.58800E+08  5.07652E+06  5.00000E+05  5.00000E-01  2.50000E-02  
1.59600E+08  4.75440E+06  5.00000E+05  5.00000E-01  2.50000E-02  
1.60400E+08  4.45589E+06  5.00000E+05  5.00000E-01  2.50000E-02  
1.61200E+08  4.15737E+06  5.00000E+05  5.00000E-01  2.50000E-02  
1.62000E+08  3.88019E+06  5.00000E+05  5.00000E-01  2.50000E-02  
1.62800E+08  3.61649E+06  5.00000E+05  5.00000E-01  2.50000E-02  
1.63600E+08  3.35280E+06  5.00000E+05  5.00000E-01  2.50000E-02  
1.64400E+08  3.12072E+06  5.00000E+05  5.00000E-01  2.50000E-02  
1.65200E+08  2.88905E+06  5.00000E+05  5.00000E-01  2.50000E-02  
1.66000E+08  2.67072E+06  5.00000E+05  5.00000E-01  2.50000E-02  
1.66800E+08  2.46447E+06  5.00000E+05  5.00000E-01  2.50000E-02  
1.67600E+08  2.26350E+06  5.00000E+05  5.00000E-01  2.50000E-02  
1.68400E+08  2.07950E+06  5.00000E+05  5.00000E-01  2.50000E-02  
1.69200E+08  1.89770E+06  5.00000E+05  5.00000E-01  2.50000E-02  
1.70000E+08  1.73324E+06  5.00000E+05  5.00000E-01  2.50000E-02  
1.70800E+08  1.57117E+06  5.00000E+05  5.00000E-01  2.50000E-02  
1.71600E+08  1.42407E+06  5.00000E+05  5.00000E-01  2.50000E-02  
1.72400E+08  1.28134E+06  5.00000E+05  5.00000E-01  2.50000E-02  
1.73200E+08  1.14881E+06  5.00000E+05  5.00000E-01  2.50000E-02  
1.74000E+08  1.02372E+06  5.00000E+05  5.00000E-01  2.50000E-02  
1.74800E+08  9.04041E+05  4.64357E+05  5.00000E-01  2.50000E-02  
1.75600E+08  7.96076E+05  4.28714E+05  5.00000E-01  2.50000E-02  
1.76400E+08  6.93677E+05  3.93071E+05  5.00000E-01  2.50000E-02  
1.77200E+08  5.97151E+05  3.57429E+05  5.00000E-01  2.50000E-02  
1.78000E+08  5.20960E+05  3.21786E+05  5.00000E-01  2.50000E-02  
1.78800E+08  4.36438E+05  2.86143E+05  5.00000E-01  2.50000E-02  
1.79600E+08  3.58012E+05  2.50500E+05  5.00000E-01  2.50000E-02  
1.80400E+08  2.87317E+05  2.14857E+05  5.00000E-01  2.50000E-02  
1.81200E+08  2.23761E+05  1.79214E+05  5.00000E-01  2.50000E-02  
1.82000E+08  1.66364E+05  1.43571E+05  5.00000E-01  2.50000E-02  
1.82800E+08  1.16582E+05  1.07929E+05  5.00000E-01  2.50000E-02  
1.83600E+08  7.34955E+04  7.22857E+04  5.00000E-01  2.50000E-02  
1.84400E+08  3.81945E+04  3.66429E+04  5.00000E-01  2.50000E-02  
1.85200E+08  1.18657E+04  1.00000E+03  5.00000E-01  2.50000E-02  